[[1,	1	,3],
[1,	2	,2],
[1,	3	,1],
[2,	1	,3],
[2,	2	,2],
[2,	3	,1],
[3,	1	,3],
[3,	2	,2],
[3,	3	,1],
[4,	1	,2],
[4,	2	,1],
[4,	3	,1],
[5,	1	,1],
[5,	2	,1],
[5,	3	,1],
[6,	1	,3],
[6,	2	,2],
[6,	3	,1],
[7,	1	,3],
[7,	2	,2],
[7,	3	,1],
[8,	1	,3],
[8,	2	,2],
[8,	3	,1],
[9,	1	,3],
[9,	2	,2],
[9,	3	,1],
[10,	1	,3],
[10,	2	,2],
[10,	3	,1],
[11,	1	,2],
[11,	2	,1],
[11,	3	,1],
[12,	1	,1],
[12,	2	,1],
[12,	3	,1],
[13,	1	,3],
[13,	2	,2],
[13,	3	,1],
[14,	1	,3],
[14,	2	,2],
[14,	3	,1],
[15,	1	,3],
[15,	2	,2],
[15,	3	,1],
[16,	1	,3],
[16,	2	,2],
[16,	3	,1],
[17,	1	,3],
[17,	2	,2],
[17,	3	,1],
[18,	1	,2],
[18,	2	,1],
[18,	3	,1],
[19,	1	,1],
[19,	2	,1],
[19,	3	,1],
[20,	1	,3],
[20,	2	,2],
[20,	3	,1],
[21,	1	,3],
[21,	2	,2],
[21,	3	,1],
[22,	1	,3],
[22,	2	,2],
[22,	3	,1],
[23,	1	,3],
[23,	2	,2],
[23,	3	,1],
[24,	1	,3],
[24,	2	,2],
[24,	3	,1],
[25,	1	,2],
[25,	2	,1],
[25,	3	,1],
[26,	1	,1],
[26,	2	,1],
[26,	3	,1],
[27,	1	,3],
[27,	2	,2],
[27,	3	,1],
[28,	1	,3],
[28,	2	,2],
[28,	3	,1],
[29,	1	,3],
[29,	2	,2],
[29,	3	,1],
[30,	1	,3],
[30,	2	,2],
[30,	3	,1],
[31,	1	,3],
[31,	2	,2],
[31,	3	,1]]